4.0000000000000001e-08
8.0000000000000002e-08
1.2000000000000002e-07
1.6000000000000000e-07
1.9999999999999999e-07
2.4000000000000003e-07
2.8000000000000002e-07
3.2000000000000001e-07
3.5999999999999999e-07
3.9999999999999998e-07
4.4000000000000002e-07
4.8000000000000006e-07
5.2000000000000000e-07
5.6000000000000004e-07
5.9999999999999997e-07
6.4000000000000001e-07
6.8000000000000005e-07
7.1999999999999999e-07
7.6000000000000003e-07
7.9999999999999996e-07
8.4000000000000000e-07
8.8000000000000004e-07
9.1999999999999998e-07
9.6000000000000013e-07
9.9999999999999995e-07
1.0400000000000000e-06
1.0800000000000000e-06
1.1200000000000001e-06
1.1600000000000001e-06
1.1999999999999999e-06
1.2400000000000000e-06
1.2800000000000000e-06
1.3600000000000001e-06
1.4400000000000002e-06
1.5200000000000003e-06
1.6000000000000004e-06
1.6800000000000004e-06
1.7600000000000005e-06
1.8400000000000006e-06
1.9200000000000007e-06
2.0000000000000008e-06
2.0800000000000008e-06
2.1600000000000009e-06
2.2400000000000010e-06
2.3200000000000011e-06
2.4000000000000012e-06
2.4800000000000012e-06
2.5600000000000013e-06
2.7200000000000015e-06
2.8800000000000016e-06
3.0400000000000018e-06
3.2000000000000020e-06
3.3600000000000021e-06
3.5200000000000023e-06
3.6800000000000025e-06
3.8400000000000022e-06
4.0000000000000024e-06
4.1600000000000025e-06
4.3200000000000027e-06
4.4800000000000028e-06
4.6400000000000030e-06
4.8000000000000032e-06
4.9600000000000033e-06
5.1200000000000035e-06
5.4400000000000038e-06
5.7600000000000041e-06
6.0800000000000045e-06
6.4000000000000048e-06
6.7200000000000051e-06
7.0400000000000054e-06
7.3600000000000058e-06
7.6800000000000061e-06
8.0000000000000064e-06
8.3200000000000067e-06
8.6400000000000071e-06
8.9600000000000074e-06
9.2800000000000077e-06
9.6000000000000080e-06
9.9200000000000084e-06
1.0240000000000009e-05
1.0880000000000009e-05
1.1520000000000010e-05
1.2160000000000011e-05
1.2800000000000011e-05
1.3440000000000012e-05
1.4080000000000013e-05
1.4720000000000013e-05
1.5360000000000012e-05
1.6000000000000013e-05
1.6640000000000013e-05
1.7280000000000014e-05
1.7920000000000015e-05
1.8560000000000015e-05
1.9200000000000016e-05
1.9840000000000017e-05
2.0480000000000017e-05
2.1760000000000019e-05
2.3040000000000020e-05
2.4320000000000021e-05
2.5600000000000023e-05
2.6880000000000024e-05
2.8160000000000025e-05
2.9440000000000026e-05
3.0720000000000024e-05
3.2000000000000026e-05
3.3280000000000027e-05
3.4560000000000028e-05
3.5840000000000030e-05
3.7120000000000031e-05
3.8400000000000032e-05
3.9680000000000033e-05
4.0960000000000035e-05
4.3520000000000037e-05
4.6080000000000040e-05
4.8640000000000043e-05
5.1200000000000045e-05
5.3760000000000048e-05
5.6320000000000050e-05
5.8880000000000053e-05
6.1440000000000049e-05
6.4000000000000051e-05
6.6560000000000054e-05
6.9120000000000057e-05
7.1680000000000059e-05
7.4240000000000062e-05
7.6800000000000064e-05
7.9360000000000067e-05
8.1920000000000069e-05
8.7040000000000075e-05
9.2160000000000080e-05
9.7280000000000085e-05
1.0240000000000009e-04
1.0752000000000010e-04
1.1264000000000010e-04
1.1776000000000011e-04
1.2288000000000010e-04
1.2800000000000010e-04
1.3312000000000011e-04
1.3824000000000011e-04
1.4336000000000012e-04
1.4848000000000012e-04
1.5360000000000013e-04
1.5872000000000013e-04
1.6384000000000014e-04
1.7408000000000015e-04
1.8432000000000016e-04
1.9456000000000017e-04
2.0480000000000018e-04
2.1504000000000019e-04
2.2528000000000020e-04
2.3552000000000021e-04
2.4576000000000019e-04
2.5600000000000021e-04
2.6624000000000022e-04
2.7648000000000023e-04
2.8672000000000024e-04
2.9696000000000025e-04
3.0720000000000026e-04
3.1744000000000027e-04
3.2768000000000028e-04
3.4816000000000030e-04
3.6864000000000032e-04
3.8912000000000034e-04
4.0960000000000036e-04
4.3008000000000038e-04
4.5056000000000040e-04
4.7104000000000042e-04
4.9152000000000039e-04
5.1200000000000041e-04
5.3248000000000043e-04
5.5296000000000045e-04
5.7344000000000047e-04
5.9392000000000049e-04
6.1440000000000051e-04
6.3488000000000054e-04
6.5536000000000056e-04
6.9632000000000060e-04
7.3728000000000064e-04
7.7824000000000068e-04
8.1920000000000072e-04
8.6016000000000076e-04
9.0112000000000080e-04
9.4208000000000085e-04
9.8304000000000078e-04
1.0240000000000008e-03
1.0649600000000009e-03
1.1059200000000009e-03
1.1468800000000009e-03
1.1878400000000010e-03
1.2288000000000010e-03
1.2697600000000011e-03
1.3107200000000011e-03
1.3926400000000012e-03
1.4745600000000013e-03
1.5564800000000014e-03
1.6384000000000014e-03
1.7203200000000015e-03
1.8022400000000016e-03
1.8841600000000017e-03
1.9660800000000016e-03
2.0480000000000016e-03
2.1299200000000017e-03
2.2118400000000018e-03
2.2937600000000019e-03
2.3756800000000020e-03
2.4576000000000021e-03
2.5395200000000021e-03
2.6214400000000022e-03
2.7852800000000024e-03
2.9491200000000026e-03
3.1129600000000027e-03
3.2768000000000029e-03
3.4406400000000031e-03
3.6044800000000032e-03
3.7683200000000034e-03
3.9321600000000031e-03
4.0960000000000033e-03
4.2598400000000035e-03
4.4236800000000036e-03
4.5875200000000038e-03
4.7513600000000039e-03
4.9152000000000041e-03
5.0790400000000043e-03
5.2428800000000044e-03
5.5705600000000048e-03
5.8982400000000051e-03
6.2259200000000054e-03
6.5536000000000058e-03
6.8812800000000061e-03
7.2089600000000064e-03
7.5366400000000068e-03
7.8643200000000062e-03
8.1920000000000066e-03
8.5196800000000069e-03
8.8473600000000072e-03
9.1750400000000076e-03
9.5027200000000079e-03
9.8304000000000082e-03
1.0158080000000009e-02
1.0485760000000009e-02
1.1141120000000010e-02
1.1796480000000010e-02
1.2451840000000011e-02
1.3107200000000012e-02
1.3762560000000012e-02
1.4417920000000013e-02
1.5073280000000014e-02
1.5728640000000012e-02
1.6384000000000013e-02
1.7039360000000014e-02
1.7694720000000014e-02
1.8350080000000015e-02
1.9005440000000016e-02
1.9660800000000016e-02
2.0316160000000017e-02
2.0971520000000018e-02
2.2282240000000019e-02
2.3592960000000020e-02
2.4903680000000022e-02
2.6214400000000023e-02
2.7525120000000024e-02
2.8835840000000026e-02
3.0146560000000027e-02
3.1457280000000025e-02
3.2768000000000026e-02
3.4078720000000028e-02
3.5389440000000029e-02
3.6700160000000030e-02
3.8010880000000032e-02
3.9321600000000033e-02
4.0632320000000034e-02
4.1943040000000036e-02
4.4564480000000038e-02
4.7185920000000041e-02
4.9807360000000044e-02
5.2428800000000046e-02
5.5050240000000049e-02
5.7671680000000052e-02
6.0293120000000054e-02
6.2914560000000050e-02
6.5536000000000053e-02
6.8157440000000055e-02
7.0778880000000058e-02
7.3400320000000061e-02
7.6021760000000063e-02
7.8643200000000066e-02
8.1264640000000068e-02
8.3886080000000071e-02
8.9128960000000076e-02
9.4371840000000082e-02
9.9614720000000087e-02
1.0485760000000009e-01
1.1010048000000010e-01
1.1534336000000010e-01
1.2058624000000011e-01
1.2582912000000010e-01
1.3107200000000011e-01
1.3631488000000011e-01
1.4155776000000012e-01
1.4680064000000012e-01
1.5204352000000013e-01
1.5728640000000013e-01
1.6252928000000014e-01
1.6777216000000014e-01
1.7825792000000015e-01
1.8874368000000016e-01
1.9922944000000017e-01
2.0971520000000018e-01
2.2020096000000020e-01
2.3068672000000021e-01
2.4117248000000022e-01
2.5165824000000020e-01
2.6214400000000021e-01
2.7262976000000022e-01
2.8311552000000023e-01
2.9360128000000024e-01
3.0408704000000025e-01
3.1457280000000026e-01
3.2505856000000027e-01
3.3554432000000028e-01
3.5651584000000031e-01
3.7748736000000033e-01
3.9845888000000035e-01
4.1943040000000037e-01
4.4040192000000039e-01
4.6137344000000041e-01
4.8234496000000043e-01
5.0331648000000040e-01
5.2428800000000042e-01
5.4525952000000044e-01
5.6623104000000046e-01
5.8720256000000048e-01
6.0817408000000051e-01
6.2914560000000053e-01
6.5011712000000055e-01
6.7108864000000057e-01
7.1303168000000061e-01
7.5497472000000065e-01
7.9691776000000070e-01
8.3886080000000074e-01
8.8080384000000078e-01
9.2274688000000082e-01
9.6468992000000087e-01
1.0066329600000008e+00
1.0485760000000008e+00
1.0905190400000009e+00
1.1324620800000009e+00
1.1744051200000010e+00
1.2163481600000010e+00
1.2582912000000011e+00
1.3002342400000011e+00
1.3421772800000011e+00
1.4260633600000012e+00
1.5099494400000013e+00
1.5938355200000014e+00
1.6777216000000015e+00
1.7616076800000016e+00
1.8454937600000016e+00
1.9293798400000017e+00
2.0132659200000016e+00
2.0971520000000017e+00
2.1810380800000018e+00
2.2649241600000019e+00
2.3488102400000019e+00
2.4326963200000020e+00
2.5165824000000021e+00
2.6004684800000022e+00
2.6843545600000023e+00
2.8521267200000024e+00
3.0198988800000026e+00
3.1876710400000028e+00
3.3554432000000030e+00
3.5232153600000031e+00
3.6909875200000033e+00
3.8587596800000035e+00
4.0265318400000032e+00
4.1943040000000034e+00
4.3620761600000035e+00
4.5298483200000037e+00
4.6976204800000039e+00
4.8653926400000040e+00
5.0331648000000042e+00
5.2009369600000044e+00
5.3687091200000046e+00
5.7042534400000049e+00
6.0397977600000052e+00
6.3753420800000056e+00
6.7108864000000059e+00
7.0464307200000063e+00
7.3819750400000066e+00
7.7175193600000069e+00
8.0530636800000064e+00
8.3886080000000067e+00
8.7241523200000071e+00
9.0596966400000074e+00
9.3952409600000077e+00
9.7307852800000081e+00
1.0066329600000008e+01
1.0401873920000009e+01
1.0737418240000009e+01
1.1408506880000010e+01
1.2079595520000010e+01
1.2750684160000011e+01
1.3421772800000012e+01
1.4092861440000013e+01
1.4763950080000013e+01
1.5435038720000014e+01
1.6106127360000013e+01
1.6777216000000013e+01
1.7448304640000014e+01
1.8119393280000015e+01
1.8790481920000015e+01
1.9461570560000016e+01
2.0132659200000017e+01
2.0803747840000018e+01
2.1474836480000018e+01
2.2817013760000020e+01
2.4159191040000021e+01
2.5501368320000022e+01
2.6843545600000024e+01
2.8185722880000025e+01
2.9527900160000026e+01
3.0870077440000028e+01
3.2212254720000026e+01
3.3554432000000027e+01
3.4896609280000028e+01
3.6238786560000030e+01
3.7580963840000031e+01
3.8923141120000032e+01
4.0265318400000034e+01
4.1607495680000035e+01
4.2949672960000036e+01
4.5634027520000039e+01
4.8318382080000042e+01
5.1002736640000045e+01
5.3687091200000047e+01
5.6371445760000050e+01
5.9055800320000053e+01
6.1740154880000055e+01
6.4424509440000051e+01
6.7108864000000054e+01
6.9793218560000057e+01
7.2477573120000059e+01
7.5161927680000062e+01
7.7846282240000065e+01
8.0530636800000067e+01
8.3214991360000070e+01
8.5899345920000073e+01
9.1268055040000078e+01
9.6636764160000084e+01
1.0200547328000009e+02
1.0737418240000009e+02
1.1274289152000010e+02
1.1811160064000011e+02
1.2348030976000011e+02
1.2884901888000010e+02
1.3421772800000011e+02
1.3958643712000011e+02
1.4495514624000012e+02
1.5032385536000012e+02
1.5569256448000013e+02
1.6106127360000013e+02
1.6642998272000014e+02
1.7179869184000015e+02
1.8253611008000016e+02
1.9327352832000017e+02
2.0401094656000018e+02
2.1474836480000019e+02
2.2548578304000020e+02
2.3622320128000021e+02
2.4696061952000022e+02
2.5769803776000020e+02
2.6843545600000022e+02
2.7917287424000023e+02
2.8991029248000024e+02
3.0064771072000025e+02
3.1138512896000026e+02
3.2212254720000027e+02
3.3285996544000028e+02
3.4359738368000029e+02
3.6507222016000031e+02
3.8654705664000033e+02
4.0802189312000036e+02
4.2949672960000038e+02
4.5097156608000040e+02
4.7244640256000042e+02
4.9392123904000044e+02
5.1539607552000041e+02
5.3687091200000043e+02
5.5834574848000045e+02
5.7982058496000047e+02
6.0129542144000050e+02
6.2277025792000052e+02
6.4424509440000054e+02
6.6571993088000056e+02
6.8719476736000058e+02
7.3014444032000063e+02
7.7309411328000067e+02
8.1604378624000071e+02
8.5899345920000076e+02
9.0194313216000080e+02
9.4489280512000084e+02
9.8784247808000089e+02
1.0307921510400008e+03
1.0737418240000009e+03
1.1166914969600009e+03
1.1596411699200009e+03
1.2025908428800010e+03
1.2455405158400010e+03
1.2884901888000011e+03
1.3314398617600011e+03
1.3743895347200012e+03
